$ 1 0.0000049999999999999996 3.3115451958692312 50 5 43 5e-11
159 464 -208 464 -112 0 0.01 10000000000
159 464 -112 464 -16 0 0.01 10000000000
159 624 -112 624 -16 0 0.01 10000000000
159 624 -208 624 -112 0 0.01 10000000000
w 448 -64 432 -64 0
w 448 -160 432 -160 0
w 432 -160 432 -144 0
I 432 -144 432 -64 0 0.5 5
w 432 -160 432 -400 0
a 336 -400 432 -400 8 5 -5 1000000 0 0 100000
R 336 -352 288 -352 0 3 20000 1 0 0 0.5
R 336 -448 288 -448 0 1 50 0.907 0 0 0.5
w 336 -448 336 -416 0
w 336 -384 336 -352 0
w 624 -16 496 -16 0
w 464 -16 336 -16 0
w 624 -208 496 -208 0
w 464 -208 336 -208 0
v 336 -16 336 -208 0 0 40 950 0 0 0.5
w 464 -112 496 -112 0
w 624 -112 656 -112 0
w 592 -160 592 -400 0
I 592 -144 592 -64 0 0.5 5
w 592 -160 592 -144 0
w 608 -160 592 -160 0
w 608 -64 592 -64 0
w 336 -352 496 -352 0
w 496 -352 496 -384 0
a 496 -400 592 -400 8 5 -5 1000000 0 0 100000
R 496 -448 448 -448 0 1 50 0.907 0 -2.0943951023931953 0.5
w 496 -448 496 -416 0
w 656 -448 656 -416 0
R 656 -448 608 -448 0 1 50 0.907 0 2.0943951023931953 0.5
a 656 -400 752 -400 8 5 -5 1000000 0 0 100000
w 656 -352 656 -384 0
w 496 -352 656 -352 0
w 752 -160 752 -400 0
w 768 -64 752 -64 0
w 752 -160 752 -144 0
I 752 -144 752 -64 0 0.5 5
w 784 -112 816 -112 0
w 784 -16 656 -16 0
159 784 -208 784 -112 0 0.01 10000000000
159 784 -112 784 -16 0 0.01 10000000000
w 752 -160 768 -160 0
w 784 -208 656 -208 0
w 528 -112 528 144 0
w 688 -112 688 176 0
w 848 -112 848 208 0
l 992 144 1104 144 0 0.039 0
c 1136 352 1136 240 0 0.00009999999999999999 0.001 0.001
l 1360 144 1456 144 0 0.045 0
r 1488 240 1488 352 0 39
w 528 144 992 144 0
w 688 176 992 176 0
w 848 208 992 208 0
l 992 176 1104 176 0 0.039 0
l 992 208 1104 208 0 0.039 0
c 1200 352 1200 240 0 0.00009999999999999999 0.001 0.001
c 1264 352 1264 240 0 0.00009999999999999999 0.001 0.001
w 1104 144 1136 144 0
w 1136 144 1136 240 0
w 1136 352 1200 352 0
w 1200 352 1264 352 0
w 1104 176 1200 176 0
w 1200 176 1200 240 0
w 1104 208 1264 208 0
w 1264 208 1264 240 0
w 1488 240 1488 144 0
w 1488 144 1456 144 0
w 1536 176 1456 176 0
w 1536 240 1536 176 0
r 1536 240 1536 352 0 39
l 1360 176 1456 176 0 0.045 0
l 1360 208 1456 208 0 0.045 0
w 1456 208 1584 208 0
r 1584 240 1584 352 0 39
w 1584 240 1584 208 0
w 1584 352 1536 352 0
w 1536 352 1488 352 0
w 1360 208 1264 208 0
w 1360 176 1200 176 0
w 1360 144 1136 144 0
g 1200 352 1200 368 0 0
w 1136 144 1136 80 0
403 1344 -224 1760 -48 0 84_64_0_135427_640_0.00009765625_0_2_84_3
d 496 -112 496 -208 2 default
d 496 -16 496 -112 2 default
w 464 -16 496 -16 0
w 528 -112 496 -112 0
w 656 -112 688 -112 0
w 816 -112 848 -112 0
w 784 -16 816 -16 0
w 784 -208 816 -208 0
d 816 -112 816 -208 2 default
d 816 -16 816 -112 2 default
d 656 -112 656 -208 2 default
d 656 -16 656 -112 2 default
w 656 -16 624 -16 0
w 656 -208 624 -208 0
w 496 -208 464 -208 0
403 1760 160 2368 496 0 52_64_7_135171_640_25.6_0_1_10240
403 -80 176 544 512 0 49_64_0_135427_1280_25.6_0_2_49_3

